0.7019971509913697
0.7108445681019163
0.698856208386246
0.6983552104767315
0.7019971509913697
0.7
0.7097887009526145
0.7087312607751968
0.709154426059656
0.71449282711585
0.7050531894828929
0.7059745037889117
0.7083784299369935
0.7136525765384722
0.697853852894716
0.7019259220174163
0.6992853494818835
0.7039886362719217
0.7097887009526145
0.70164093381159
0.7029935988328769
0.7046275611981127
0.7102112361825881
0.7074602462329597
0.7097182539571602
0.7107742257566744
0.6996427659884722
0.7105631569396207
0.7116881339463234
0.697137002317335
0.7028513356322231
0.7107038764492565
0.7137226352022191
0.7006425622241343
0.7019971509913697
0.6991423317179414
0.7102112361825881
0.7023531875061151
0.7116881339463234
0.7069653456853455
0.7158910531638176
0.6984983894040129
0.7046275611981127
0.7127411872482184
0.6992138442565335
0.7043436661176133
0.6987846592477542
0.7035623639735145
0.7024243731534378
0.7121797525905942
0.7083078426785913
0.7035623639735145
0.7061869440877535
0.7077428911688198
