0.6633249580710799
0.44754888001200493
0.6588626564011653
0.656810474946921
0.6574952471311104
0.6472248450113762
0.4712748667179271
0.4617358552246078
0.4784349485562274
0.4640043103248072
0.46292547996410827
0.4614108798023731
0.49020403915104577
0.4874423042781576
0.6989992846920517
0.7176350047203662
0.7135825109964509
0.7102112361825881
0.5205766033928149
0.7124605252222751
0.5276362383309168
0.5192301994298868
0.5244997616777343
0.5251666402200353
0.5145872132107443
0.5262128846769147
0.7229799443968
0.5222068555658763
0.5185556864985669
