0.448
0.395
0.676
0.658
0.66
0.403
0.405
0.672
0.618
0.668
0.425
0.681
0.421
0.424
0.393
0.671
0.414
0.654
0.413
0.415
0.399
0.67
0.662
0.651
0.687
0.652
0.668
0.402
0.426
0.674
0.409
0.641
0.415
0.412
0.674
0.669
0.673
0.669
0.429
0.443
0.653
0.413
0.673
0.402
0.432
0.661
0.425
0.656
0.404
0.668
0.585
0.577
0.511
0.587
0.495
0.545
0.507
0.511
0.473
0.573
0.499
0.588
0.506
0.479
0.468
0.483
0.585
0.485
0.494
0.467
0.486
0.588
0.514
0.589
0.563
0.467
0.507
0.487
0.58
0.584
0.489
0.586
0.559
0.575
0.482
0.494
0.603
0.596
0.49
0.484
0.571
0.609
0.579
0.493
0.593
0.487
0.492
0.472
0.556
0.466
0.421
0.646
0.65
0.671
0.663
0.417
0.437
0.415
0.647
0.416
0.427
0.694
0.648
0.649
0.407
0.41
0.4
0.413
0.655
0.421
0.676
0.676
0.661
0.397
0.402
0.429
0.428
0.664
0.417
0.418
0.426
0.438
0.417
0.706
0.67
0.408
0.419
0.657
0.671
0.431
0.681
0.432
0.661
0.41
0.437
0.452
0.671
0.663
