0.4288356328478313
0.4536518488885502
0.43554563480765135
0.4325505750776434
0.4642197755374064
0.43588989435406733
0.46454278597347737
0.46010868281309364
0.4313930922024598
0.44542114902640173
0.4283689998120779
0.45310043036836767
0.4673328578219169
0.43185645763378366
0.47644516998286385
0.457602447545902
0.45902069670114004
0.4483302354291979
0.45420259796703055
0.468081189538738
0.4634652090502587
0.45628938186199336
0.4427188724235731
0.4536518488885502
0.48805737367649715
0.44777226354476224
0.48518037882832815
0.4608687448721165
0.4622769732530488
0.48692915295759404
0.47885279575251516
0.4741307836451879
0.46378874501220924
0.47885279575251516
0.47937459256827536
0.45574115460423364
0.4916299421312742
0.48764741360946434
0.48497422611928565
0.4568369512200168
0.4883646178829912
0.498998997994986
0.4632493928760188
0.49081564767232105
0.4736032094485847
0.4859012245302537
0.4622769732530488
0.4527692569068708
0.4561797891182818
0.4909175083453431
0.4665833258915282
0.4939635614091388
0.503189825016365
0.4650806381693394
0.49234134500364685
0.463033476111609
0.4670117771534247
0.4667976006793523
0.4641120554348917
0.4978955713801841
0.4864154602806124
0.47339201514178497
0.4933558553417604
0.5117616632769595
0.484458460551573
0.49929950931279715
0.500199960015992
0.51
0.49020403915104577
0.464327470649756
0.4634652090502587
0.5000999900019995
0.4915282290977803
0.507444578254611
0.4993996395673509
0.4926459174701441
0.4878524367060187
0.4850773134253962
0.4693612681080534
0.4790615826801394
