0.7694
0.7705
0.7783
0.788
0.7354
0.7793
0.7675
0.7724
0.7803
0.7775
0.7825
0.7863
0.7845
0.7934
0.7322
0.7636
0.7649
0.7821
0.774
0.7584
0.7645
0.7722
0.7873
0.7808
0.7768
0.7932
0.7541
0.7883
0.7873
0.7687
0.763
0.7752
0.7639
0.7858
0.7503
0.7856
0.7561
0.7634
0.7465
0.7765
0.7668
0.7457
0.7692
0.7593
0.7681
0.76
0.7736
0.7812
0.7829
0.7524
0.7731
0.7637
0.7578
0.7705
0.7664
0.7804
0.7773
0.7594
0.7754
0.7551
0.7688
0.7769
0.7473
0.7378
0.7696
0.7472
0.7628
0.7534
0.7661
0.7831
0.7781
0.745
0.7832
0.7509
0.7414
0.753
