0.784729252672538
0.6041522986797286
0.7838367176906169
0.7852388171760233
0.7824321056807421
0.7831347265956222
0.6118006211176972
0.6051446108162908
0.6034069936618236
0.6117188896870849
0.6104916051838878
0.6048966853934645
0.6081940479813988
0.609343909463285
0.7853024894905147
0.788606365685695
0.7879720807236764
0.7870196947980399
0.6140846847137617
0.7776245880886227
0.6145730225123781
0.6182232606429493
0.6097540487770459
0.6079473661428265
0.6067124524847005
0.6131883886702356
0.7833900688673555
0.609836043539573
0.610819122163018
